000000000011011101
000000010111010010
000000011101001100
000000101001100101
000000101110000110
000000110000010111
000000111010001001
000001000101000111
000001001011001010
000001011000100110
000001011001010001
000001100001110010
000001100110010001
000001101000011100
000001110011000100
000001110100001010
000010000010110011
000010001110101000
000010010110000101
000010111100010000
000011100001001001
000100000000111110
000100001111000001
000100010001001011
000100010100110001
000100100011101000
000100100101010100
000101000110100100
000101001000101001
000101001100010010
000101010010011000
000110001001011000
000110011010000010
000110100100000011
000110110000001100
000111010101000000
001000000110001011
001000001100010101
001000010001110100
001000011000011010
001000100001001110
001000101011010000
001000110010100010
001000110101000001
001001000010010110
001001000011100001
001001000101011000
001001010000001101
001001011110000000
001001101000000011
001010001101000010
001010010011001000
001011001000110000
001011100100000100
001100001010001100
001100010100000110
001100100000011001
001100101100100000
001110000110010000
001111000000001010
010000001001010110
010000010010001110
010000011100000011
010000100011000011
010000100100001101
010000110001011000
010001000000011011
010001001010000101
010001010100010100
010001101101000000
010001110000100001
010010000101010001
010010011001100000
010010100010100100
010011000110000010
010100000101100010
010100001010110000
010100101000001010
010100110110000000
010101000001001100
010110000010001001
010110001100000100
010111100000010000
011000000000100111
011000000111000100
011000001001001001
011000010010010001
011000100100010010
011000111000000100
011001010001000010
011001100010001000
011010000000011100
011100010000101000
011101000100000001
100000000011100110
100000001101110000
100000011010010100
100000100000101011
100000110100100100
100000111001000010
100001000000110101
100001010001101000
100001010010000011
100001101010100000
100010000100010110
100010010000011001
100010100111000000
100011000010001100
100011001100000001
100100001000000111
100100100010010010
100110000001100001
101000000001010011
101000000010111000
101000011000100001
101000100010000101
101001000100100010
101001001001000100
101001110000010000
101010101000001000
110000000110100001
110000001000101100
110000010000110010
110000010001000101
110000101000010001
110001000011010000
110001100000000110
110010000001001010
110100000100011000
110101011000000000
111000001010000010
111010010100000000
111100100001000000
