000000000110001111
000000010111010010
000000011000011110
000000101011010100
000000110010100110
000000110101000101
000000111010001001
000001000011100101
000001000101011100
000001001011001010
000001011001010001
000001011110000100
000001100001110010
000001100110010001
000001101000000111
000001110100001010
000010000010110011
000010001101000110
000010001110101000
000010010011001100
000010111100010000
000011001000110100
000011100001001001
000100001111000001
000100010001001011
000100010100110001
000100100000011101
000100100011101000
000100101100100100
000101001000101001
000101001100010010
000101010010011000
000110000110010100
000110001001011000
000110011010000010
000110100100000011
000111000000001110
000111010101000000
001000000011011001
001000001100010101
001000010001110100
001000011101001000
001000100001001110
001000101001100001
001000101110000010
001000110000010011
001001000010010110
001001000101000011
001001010000001101
001001011000100010
001001101000011000
001001110011000000
001010001000001011
001010010110000001
001011100100000100
001100000000111010
001100001010001100
001100010100000110
001100100101010000
001101000110100000
001110000001000101
001110110000001000
010000001001001101
010000010010010101
010000011100000011
010000100011000011
010000100100010110
010000110001011000
010001000000011011
010001010001000110
010001100010001100
010001101101000000
010001110000100001
010010000101010001
010010011001100000
010011000110000010
010100000101100010
010100001010110000
010100010000101100
010100101000001010
010100110110000000
010101000100000101
010110000010001001
010111100000010000
011000000000100111
011000000111000100
011000001001010010
011000010010001010
011000100100001001
011000111000000100
011001001010000001
011001010100010000
011010000000011100
011010100010100000
011101000001001000
011110001100000000
100000000001010111
100000000010111100
100000001101110000
100000011000100101
100000100000101011
100000111001000010
100001000100100110
100001010001101000
100001010010000011
100001101010100000
100001110000010100
100010010000011001
100010100111000000
100010101000001100
100011001100000001
100100100010010010
101000000011100010
101000011010010000
101000100010000101
101000110100100000
101001001001000100
101010000100010010
101011000010001000
101101000000010001
110000000110100001
110000001010000110
110000010000110010
110000101000010001
110001000011010000
110010000001001010
110010010100000100
110100000100011000
110100100001000100
110101011000000000
111000001000101000
111000010001000001
111001100000000010
