000000000011011101
000000010100111001
000000010111010010
000000011101001100
000000101001100101
000000101110000110
000000110000010111
000000111010001001
000001000101000111
000001001011001010
000001011000100110
000001011001010001
000001100001110010
000001100110010001
000001101000011100
000001110011000100
000001110100001010
000010000110001011
000010001100010101
000010010001110100
000010011000011010
000010100001001110
000010101011010000
000010110010100010
000010110101000001
000011000010010110
000011000011100001
000011000101011000
000011010000001101
000011011110000000
000011101000000011
000100000000111110
000100001111000001
000100100011101000
000100100101010100
000101000110100100
000101001000101001
000101001100010010
000101010010011000
000110001010001100
000110010100000110
000110100000011001
000110101100100000
001000000010110011
001000001110101000
001000010001001011
001000010110000101
001000111100010000
001010001101000010
001011001000110000
001011100100000100
001100001001011000
001100011010000010
001100100100000011
001100110000001100
001101010101000000
001110000001000101
001110000110010000
001111000000001010
010000000101101010
010000001001010110
010000010010001110
010000011100000011
010000100011000011
010000100100001101
010000110001011000
010001000000011011
010001001010000101
010001010100010100
010001101101000000
010001110000100001
010010000000100111
010010000111000100
010010001001001001
010010010010010001
010010100100010010
010010111000000100
010011010001000010
010011100010001000
010100001010110000
010100101000001010
010100110110000000
010101000001001100
010110010000101000
010111000100000001
011000000101010001
011000011001100000
011000100010100100
011001000110000010
011010000000011100
011100000010001001
011100001100000100
011101100000010000
100000000011100110
100000001101110000
100000011010010100
100000100000101011
100000110100100100
100000111001000010
100001000000110101
100001010001101000
100001010010000011
100001101010100000
100010000001010011
100010000010111000
100010011000100001
100010100010000101
100011000100100010
100011001001000100
100011110000010000
100100001000000111
100100100010010010
100101100001000001
100110010011000000
101000000100010110
101000100111000000
101001000010001100
101001001100000001
101010101000001000
101100010000010001
110000000110100001
110000001000101100
110000010000110010
110000010001000101
110000101000010001
110001000011010000
110001100000000110
110010001010000010
110010100001100000
110100000100011000
110101011000000000
111010010100000000
111100000001000010
