000000000101011101
000000010010111001
000000010111010010
000000011011001100
000000101110000110
000000110000010111
000000111100001001
000001000011000111
000001001101001010
000001011000100110
000001011001010001
000001100001110010
000001100110010001
000001101000011100
000001110010001010
000001110101000100
000010000110001011
000010001010010101
000010010001110100
000010011000011010
000010100001001110
000010101101010000
000010110011000001
000010110100100010
000011000011011000
000011000100010110
000011010000001101
000011011110000000
000011101000000011
000100000000111110
000100001111000001
000100010001100011
000100100011010100
000100100101101000
000101000110100100
000101001000101001
000101001010010010
000101010100011000
000110001100001100
000110010010000110
000110100000011001
000110101010100000
001000001000110011
001000001110101000
001000010110000101
001000100100110100
001000101001000101
001000111010010000
001010001011000010
001011000101000001
001011100010000100
001100001001011000
001100011100000010
001100100010000011
001100110000001100
001101010011000000
001110000110010000
001111000000001010
010000000011101010
010000001001010110
010000010100001110
010000011010000011
010000100010001101
010000100101000011
010000110001011000
010001000000011011
010001001100000101
010001010010010100
010001101011000000
010001110000100001
010010000000100111
010010000111000100
010010001001001001
010010010100010001
010010100010010010
010010111000000100
010011010001000010
010011100100001000
010100001100110000
010100101000001010
010100110110000000
010101000001001100
010110010000101000
010111000010000001
011000000011010001
011000010101100000
011001000110000010
011010000000011100
011011001000100000
011100000100001001
011100001010000100
011101100000010000
100000000101100110
100000001011110000
100000011100010100
100000100000101011
100000110010100100
100000111001000010
100001000000110101
100001010001101000
100001010100000011
100001101100100000
100010000001010011
100010000100111000
100010011000100001
100010100100000101
100011000010100010
100011001001000100
100011110000010000
100100001000000111
100100100100010010
100101100001000001
100110010101000000
101000000010010110
101000100111000000
101001000100001100
101001001010000001
101010101000001000
101100010000010001
101110000000100100
110000000110100001
110000001000101100
110000010000110010
110000010001000101
110000101000010001
110001000101010000
110001100000000110
110010001100000010
110010100001100000
110100000010011000
110101011000000000
111010010010000000
111100000001000010
