000000000011011101
000000010101110001
000000010110011010
000000011101001100
000000101000101101
000000101110000110
000000110000010111
000000111011000001
000001000100001111
000001001011001010
000001011000011001
000001100000111010
000001100110010001
000001101001010100
000001110010001100
000001110101000010
000010000111000011
000010001100010101
000010010000111100
000010011001010010
000010100001001110
000010101010011000
000010110010100010
000010110100001001
000011000010010110
000011000010101001
000011000101011000
000011010001000101
000011011110000000
000011101000000011
000100000001110110
000100001110001001
000100010001001011
000100100011101000
000100100100011100
000101000110100100
000101001001100001
000101001100010010
000101010011010000
000110001011000100
000110010100000110
000110100001010001
000110101100100000
001000000010110011
001000001001000111
001000001111100000
001000010110000101
001000111100010000
001001010000100110
001001100001001001
001010001100001010
001011001000110000
001011100100000100
001100001001011000
001100100100000011
001100110001000100
001101010100001000
001110000000001101
001110000110010000
001111000001000010
010000001000011110
010000010011000110
010000011100000011
010000100010001011
010000100101000101
010000110001011000
010001000001010011
010001001010000101
010001010100010100
010001101100001000
010001110000100001
010010000000100111
010010000110001100
010010001001001001
010010010010010001
010010100100010010
010010111000000100
010011010000001010
010011100011000000
010100000100101010
010100001010110000
010100101001000010
010100110110000000
010101000001001100
010110010001100000
010111000100000001
011000000100011001
011000011010001000
011000100010100100
011001000110000010
011010000001010100
011100000011000001
011100001100000100
011101100000010000
100000000010101110
100000001100111000
100000011010010100
100000100001100011
100000110100100100
100000111000001010
100001000000110101
100001010001101000
100001010010000011
100001101010100000
100010000000011011
100010000011110000
100010011000100001
100010100010000101
100011000100100010
100011001000001100
100011110000010000
100100100010010010
100110010010001000
101000000100010110
101000100110001000
101001000011000100
101001001100000001
101010101001000000
101100001000100010
101100010000010001
110000000110100001
110000001001100100
110000010000001101
110000010000110010
110000101000010001
110001000010011000
110001100000000110
110010001010000010
110010100000101000
110100000101010000
110101011000000000
111000000001001010
111010010100000000
