000000001001100111
000000001011011100
000000010000011111
000000011110001001
000000100110000111
000000100111101000
000000110011010010
000000111101000100
000001000001111010
000001000101001101
000001001111000010
000001010010100011
000001010110010100
000001011000101100
000001011001010001
000001100010011001
000001101000010110
000001110100001010
000010000010101101
000010000110011010
000010001100010101
000010010001110100
000010010101000011
000010011010000110
000010100001001110
000010101011000001
000010111000011000
000011001000001011
000011010011001000
000011100101010000
000011110000000101
000100000101010110
000100010100110001
000100100000111100
000100101010001010
000100110001001001
000101001100011000
000101100011000100
000101101000100001
000110001100100010
000110010100001100
000110100000010011
000110110010100000
000111000110000001
001000000111010001
001000011011100000
001000011100010010
001000101000001101
001001100001000011
001010001101001000
001010100010010100
001011000100000110
001011001000110000
001100000100001011
001100001110000100
001100101001010000
001100110000000110
001101000010010010
001101010101000000
001110000001000101
001111100000001000
010000000011001011
010000001100001110
010000010101011000
010000100001010101
010000110010001100
010000111000000011
010001000100010011
010001001010000101
010001010001000110
010001101001001000
010010000111000100
010010001001010010
010010010000101010
010010010010010001
010010100100001001
010011000000011100
010011000001100001
010011011100000000
010011100010000010
010100001010110000
010100001101000001
010100010110000010
010100100001100010
010101000100100100
010101110000010000
010110101000000100
011000000000111001
011000000010100110
011000010100000101
011000101100100000
011001000110001000
011010110001000000
011100011000001000
011100100010000001
011110000100010000
100000001010010011
100000001101110000
100000010010111000
100000010011000101
100000010100100110
100000011001001010
100000100000101011
100000101010100100
100001000010001110
100001110001100000
100010000001011001
100010000011100010
100010011000100001
100011000100101000
100011001001000100
100011010000010010
100100100110010000
100101000000010101
100101011010000000
101000000100011100
101000110000010001
101001001100000001
101010010110000000
101010101000000010
101100000011001000
110000000001101100
110000000110100001
110000011000010100
110001000011010000
110001001000100010
110001010000001001
110010000000000111
110010001010001000
110010100000110000
110100000000011010
111000000101000010
111001100000000100
