000000000011011101
000000001001100111
000000010110011010
000000010110100101
000000011101001100
000000101110000110
000000110000010111
000000111011000001
000000111100110000
000001000100001111
000001001011001010
000001011000011001
000001100110010001
000001101001010100
000001110010001100
000001110101000010
000010000111000011
000010001100010101
000010001100101010
000010011001010010
000010100001001110
000010101010011000
000010110100001001
000011000010010110
000011000101011000
000011010001000101
000011011110000000
000011100100100100
000011101000000011
000100001001111000
000100001110001001
000100010001001011
000100011010100010
000100100100011100
000100100100100011
000100110001100100
000101001100010010
000101010011010000
000101010100101000
000110000000101101
000110000110110000
000110001011000100
000110010100000110
000110100001010001
000111000001100010
001000000010110011
001000001111100000
001000010101010001
001000101000001101
001001011000000110
001001100000011010
001010010000011100
001010110000100010
001011000010001001
001011001000110000
001100000001010110
001100100011001000
001101000110000100
001101001001000001
001110101100000000
010000000100111001
010000001000011110
010000010011000110
010000011100000011
010000100010001011
010000100101000101
010000110001011000
010001000001010011
010001000110100010
010001001010000101
010001010100010100
010001101100001000
010010000001110100
010010000110001100
010010001001001001
010010010010010001
010010100100010010
010010111000000100
010011010000001010
010011100011000000
010100000011100001
010100001100100100
010100101001000010
010100110110000000
010101000001001100
010101100000110000
010111000100000001
011000000101001010
011000011000101000
011000100010100100
011001110000000001
011010000000000111
011100001010010000
011110010001000000
100000000100110110
100000011010010100
100000100110101000
100000111000001010
100001000011100100
100001001100100001
100001010010000011
100010000000011011
100010100010000101
100010101001100000
100011001000001100
100011110000010000
100100010000110001
100100100010010010
100101100000001001
100110010010001000
101000000010001110
101000001100011000
101000100001000011
101000110100000100
101001000000010101
101001010001001000
101001101010000000
101010000011010000
101010011000000001
101011000100000010
110000010000001101
110000101000010001
110001000010011000
110001100000000110
110010001010000010
110010010100100000
110100000000101010
110100000101010000
110101011000000000
111000000110000001
111000001001000100
111000010000010010
111010100000001000
