000000001111000110
000000010001010111
000000011011001001
000000100010011101
000000101001100101
000000110110010010
000000111100001100
000001000111010001
000001001001011100
000001010101001010
000001011000100110
000001100001110010
000001100100000111
000001101010001010
000001110011000100
000001111000010001
000010000110001011
000010001100010101
000010010011100010
000010011000011010
000010100001001110
000010101011010000
000010110000110100
000010110101000001
000011000010010110
000011001001000011
000011010000001101
000011011110000000
000011100010100001
000011100100011000
000100000000111110
000100010100110001
000100100011101000
000100100101010100
000100101110000001
000100110000001011
000101000110100100
000101001000101001
000101001100010010
000101010010011000
000110000001011001
000110001010001100
000110001101100000
001000000010110011
001000001000001111
001000001110101000
001000010110000101
001000011101010000
001001010001100001
001010101100000010
001010110010001000
001011000101000100
001011001000110000
001100000101000011
001100010001001100
001100011010000010
001100101000011000
001101110100000000
001110000110010000
001110100000000101
001111000000001010
010000000101001101
010000010010001110
010000011100000011
010000100011000011
010000100100101010
010000101000010110
010000110001011000
010001000000011011
010001001010000101
010001010100010100
010001101101000000
010010000000100111
010010000101010010
010010010010010001
010010011001000100
010010100110000100
010010101000001001
010011000011001000
010011110000000010
010100001001001010
010100001010110000
010100010111000000
010101100000001100
010110010000101000
010111000100000001
011000000011100100
011000100100010001
011000111000100000
011001000110000010
011010000000011100
011100000010001001
011100001100000100
011101000001010000
100000000001101011
100000010101100100
100000011010010100
100000100010100110
100000101100110000
100000111001000010
100001000000110101
100001001011100000
100001010010000011
100001110000101000
100010000010111000
100010000011000101
100010011000100001
100010100000010011
100011000100100010
100011010001010000
100011101000000100
100100000011010010
100101100001000001
100110010000000110
101000000100010110
101000010000011001
101000100111000000
101001000010001100
101001001100000001
101010001001001000
110000000110100001
110000001000101100
110000001001010001
110000010000110010
110000110000000101
110001000001000110
110001100010010000
110010001010000010
110010100001100000
110100000100011000
110101011000000000
111010010100000000
111100100000000010
