000000001110111000
000000010110010101
000000011101001100
000000101001100101
000000101110000110
000000111010001001
000001000101000111
000001001011001010
000001010000110110
000001100001011001
000001110011000100
000001110100001010
000010000110001011
000010001101010010
000010100001001110
000010110010100010
000010110101000001
000011000011100001
000011010000001101
000011011110000000
000011100100010100
000011101000000011
000100001111000001
000100010001001011
000100011010010010
000100100011101000
000100100100010011
000100110000011100
000101000110100100
000101001000101001
000101010101010000
000110001010001100
000110010100000110
000110101100100000
000111000000011010
001000000010110011
001000000011001101
001000010111000010
001000110000000111
001000111100010000
001001011001000001
001001100001100010
001001100110000001
001001101000001100
001010001100000101
001010010001100100
001010011000001010
001010101011000000
001011000010000110
001011000101001000
001011001000110000
001100000000101110
001100001001011000
001100010100100001
001100100101000100
001101001100000010
001101010010001000
001110000110010000
001110100000001001
010000010010001110
010000011001110000
010000011100000011
010000100010110100
010000100011000011
010000100100001101
010001000110010010
010001001010000101
010001101101000000
010001110000100001
010010000000100111
010010000111000100
010010001001001001
010010111000000100
010011010001000010
010011100010001000
010100000010011001
010100000101100010
010100001100010100
010100101000001010
010100110110000000
010101000001001100
010110010000101000
010111000100000001
011000000101010001
011000001001000110
011000110001001000
011001000000001011
011001010100000100
011010000000011100
011010010010000001
011010100100000010
011100001010100000
011101100000010000
100000000011100110
100000100000101011
100000100111010000
100000110100100100
100000111001000010
100001000010011100
100001001100010001
100001010001101000
100001010010000011
100001101010100000
100010011000100001
100010100010000101
100010101000011000
100011000100100010
100011001001000100
100100000001110001
100100001000000111
100110010011000000
101000000100010110
101000001101100000
101000010000011001
101000011010000100
101001000000100101
101010000001000011
101010000010101000
101011110000000000
101100100010000010
110000000001011010
110000000110100001
110000001000101100
110000010001000101
110001100000000110
110010001010000010
110010010100010000
110010100001100000
110101011000000000
111000010000100010
111000101000000001
111001000011000000
111100000100001000
