000000000011011101
000000010101000111
000000011011001010
000000101001100101
000000101110000110
000000110001110010
000000110110010001
000000111000011100
000001000111010010
000001001101001100
000001011000100110
000001011001010001
000001100000010111
000001101010001001
000001110011000100
000001110100001010
000010000110001011
000010001100010101
000010010010010110
000010010011100001
000010010101011000
000010100001001110
000010101011010000
000010111000000011
000011000001110100
000011001000011010
000011010000001101
000011011110000000
000011100010100010
000011100101000001
000100000000111110
000100001111000001
000100010110100100
000100011000101001
000100011100010010
000100100011101000
000100100101010100
000101000001001011
000101000100110001
000101010010011000
000110001010001100
000110100000011001
000110101100100000
000111000100000110
001000000010110011
001000001000001111
001000001110101000
001001000110000101
001001101100010000
001001110000100001
001010001101000010
001010011000110000
001010110100000100
001100001001011000
001100100100000011
001101010101000000
001101100000001100
001110000001000101
001110000110010000
001110010000001010
010000001001010110
010000010000011011
010000011010000101
010000100011000011
010000100100001101
010000111101000000
010001000010001110
010001001100000011
010001010100010100
010001100001011000
010010000000100111
010010000111000100
010010001001001001
010010100100010010
010010110010001000
010011000010010001
010011010001000010
010011101000000100
010100000101100010
010100001010110000
010100010001001100
010100101000001010
010101100110000000
010110010100000001
010111000000101000
011000000101010001
011000010110000010
011000100010100100
011001001001100000
011010000000011100
011100000010001001
011100001100000100
011100110000010000
100000000011100110
100000001101110000
100000010000110101
100000100000101011
100000111010100000
100001001010010100
100001010001101000
100001010010000011
100001100100100100
100001101001000010
100010000001010011
100010000010111000
100010010100100010
100010011001000100
100010100010000101
100011001000100001
100011110000010000
100100100010010010
100100110001000001
100111000011000000
101000000100010110
101000010010001100
101000011100000001
101000100111000000
101001000000011001
101010101000001000
101100001000100010
110000000110100001
110000001000101100
110000010011010000
110000101000010001
110000110000000110
110001000000110010
110001000001000101
110010001010000010
110010100001100000
110100000100011000
110101011000000000
111000000001001010
111011000100000000
