000000001011010110
000000010100111001
000000011101001100
000000011110000011
000000100110001101
000000101001100101
000000110000010111
000000110011011000
000001000010011011
000001000101000111
000001010110010100
000001011000100110
000001011001010001
000001100001110010
000001101000011100
000001101111000000
000001110010100001
000001110100001010
000010000010100111
000010001011001001
000010001100010101
000010010001110100
000010011000011010
000010100001001110
000010100110010010
000010110101000001
000010111010000100
000011000101011000
000011010000001101
000011010011000010
000011101000000011
000100000000111110
000100000111100010
000100010001001011
000100100101010100
000100101010001010
000101000011001100
000101001000101001
000101001100010010
000110010010101000
000110100000011001
000110101100100000
000111000110000001
001000000111010001
001000001000001111
001000011011100000
001000111100010000
001001100001001001
001010000010011100
001010001101000010
001011001000110000
001011100100000100
001100001001011000
001100001110000100
001100100100000011
001100110000001100
001101010101000000
001101100010010000
001110000001000101
001111000000001010
010000000001011101
010000010010001110
010000010101010010
010000100011000011
010000101100000110
010000111000001001
010001001001001010
010001001010000101
010001100100010001
010001110001000100
010010000100001011
010010000111000100
010010010010010001
010010101001010000
010010110000100010
010011000000010110
010011000001100001
010011011100000000
010011100010001000
010100001010110000
010100001101000001
010100100001101000
010100110110000000
010101000100100100
010101010000011000
010110001000001100
011000000000110011
011000001100101000
011000010100000101
011000100010100100
011001000110000010
011010010001001000
011100000010001001
011110000100010000
100000001010101100
100000001101110000
100000010010110010
100000010011000101
100000100000101011
100000101010010001
100000110100100100
100000111001000010
100001000000110101
100001010001101000
100001100010000110
100010000001010011
100010011000100001
100010100011100000
100011000100100010
100011001001000100
100011110000010000
100100000110011000
100101011010000000
100110010000000110
101000000011001010
101000000100010110
101001001100000001
101010010110000000
101010101000001000
101100001000100010
101100010000010001
110000000001100110
110000000110100001
110000011000010100
110001000011010000
110001010000000011
110001101000100000
110010000000111000
110010001010000010
110010100000000101
110100100000010010
111000100101000000
111001000000001100
