000000001010101101
000000001011010110
000000001101110001
000000010010110011
000000011101001100
000000110011011000
000000110100100101
000000111001000011
000001010001101001
000001010110010100
000001100001110010
000001100010000111
000001101000011100
000001101111000000
000001110100001010
000010010001110100
000010011000011010
000010100001001110
000010100110010010
000010111010000100
000011000100100011
000011000101011000
000011001001000101
000011010011000010
000011110000010001
000100000000111110
000100000110011001
000100000111100010
000100100101010100
000100101010001010
000101000011001100
000101001100010010
000101011010000001
000110010010101000
000110010100000110
000110100011000001
000110101100100000
001000000011001011
001000000100010111
001000011011100000
001000111100010000
001001010000100110
001010000010011100
001010001101000010
001010010110000001
001010101000001001
001011001000110000
001011100100000100
001100001001011000
001100001110000100
001100110000001100
001101010101000000
001101100010010000
001111000000001010
010000000001100111
010000010010001110
010000010101010010
010000011000010101
010000101100000110
010001000011010001
010001001001001010
010001101000100001
010001110001000100
010010000000111001
010010000111000100
010010001010000011
010010101001010000
010010110000100010
010011000000010110
010011011100000000
010011100010001000
010100001010110000
010100100000010011
010100100001101000
010100110110000000
010101000100100100
010101010000011000
010110001000001100
011000001100101000
011000100010100100
011000100101000001
011001000000001101
011001000110000010
011010010001001000
011100011000000010
011110000100010000
100000010011000101
100000011110000010
100000100000101011
100000100110001100
100000101001100100
100000101010010001
100000110000010110
100001000000110101
100001000010011010
100001000101000110
100001011001010000
100001110010100000
100010000001010011
100010000010100110
100010001011001000
100010001100010100
100010011000100001
100010110101000000
100011010000001100
100011101000000010
100100001000000111
100100010001001010
100100010100110000
100101001000101000
100110100000011000
100111000110000000
101000000111010000
101000010000011001
101001001100000001
101001100001001000
101100000001100001
101100100100000010
110000000001011100
110000000110100001
110000100011000010
110000111000001000
110001001010000100
110001010000000011
110001100100010000
110010000100001010
110010010010010000
110010100000000101
110011000001100000
110100001101000000
111000000000110010
111000010100000100
111100000010001000
