000000000011100111
000000001101110001
000000010111010010
000000011010010101
000000011101001100
000000101110000110
000000110100100101
000000111001000011
000001001011001010
000001010001101001
000001011000100110
000001100001110010
000001101000011100
000001101010100001
000001110011000100
000001110100001010
000010000010111001
000010010001110100
000010011000011010
000010100001001110
000010101011010000
000011000010010110
000011000100100011
000011000101011000
000011001001000101
000011011110000000
000011110000010001
000100000000111110
000100100010010011
000100100011101000
000100100101010100
000101000110100100
000101001100010010
000101010010011000
000110001010001100
000110010011000001
000110010100000110
000110101100100000
001000000100010111
001000001110101000
001000100111000001
001000111100010000
001001000010001101
001010001101000010
001010101000001001
001010110000100010
001011001000110000
001011100100000100
001100001001011000
001100011010000010
001100110000001100
001101010101000000
001110000110010000
001111000000001010
010000000101101010
010000001000101101
010000001001010110
010000010000110011
010000010010001110
010000110001011000
010001000011010001
010001010100010100
010001100000000111
010001101101000000
010010000111000100
010010001010000011
010010100001100001
010010100100010010
010010111000000100
010011010001000010
010011100010001000
010100000100011001
010100001010110000
010100101000001010
010100110110000000
010101000001001100
010101011000000001
010110010000101000
011000011001100000
011000100010100100
011001000110000010
011010000000011100
011010010100000001
011100000001000011
011100001100000100
011101100000010000
100000000011011100
100000010100111000
100000100000101011
100000101001100100
100000110000010110
100000111010001000
100001000000110101
100001000101000110
100001010010000011
100001011001010000
100001100110010000
100010000001010011
100010000110001010
100010001100010100
100010011000100001
100010100010000101
100010110101000000
100011000011100000
100011010000001100
100011101000000010
100100001111000000
100100010001100010
100101001000101000
100101100001000001
100110100000011000
101000000010110010
101000001000001110
101000010110000100
101001001100000001
101100010000010001
101100100100000010
101110000001000100
110000000110100001
110000010001000101
110000011100000010
110000100011000010
110000100100001100
110000101000010001
110001000000011010
110001001010000100
110001110000100000
110010000000100110
110010001001001000
110010010010010000
110111000100000000
111000000101010000
111100000010001000
