000000001010101101
000000010010110011
000000010111010100
000000011001100110
000000100011000111
000000101001011100
000000110100100101
000000110101001010
000001001010010110
000001001100110001
000001010001101001
000001011100001100
000001100001110010
000001101111000000
000001110010011000
000001111000000011
000010000101100011
000010011000011010
000010100110010010
000010110001010001
000010111010000100
000011000101011000
000011001001000101
000011010000110100
000011010011000010
000011100000001110
000100000000111110
000100000110011001
000100001101010010
000100011011000001
000100101010001010
000101000011001100
000101000110100010
000101100100010100
000110010010101000
000110010100000110
000110101100100000
000111100010000001
001000000100010111
001000111100010000
001001000010001011
001001011010100000
001010000010011100
001010001001110000
001010010110000001
001010100101000100
001010101000001001
001011001100000010
001100001110000100
001100100011010000
001100110000001100
001101001000011000
001101010101000000
001110000001001010
010000010010001110
010000011000010101
010000101001100001
010000101100000110
010001000000100111
010001000011010001
010001001001001010
010001010100010010
010001110001000100
010010000000111001
010010000001010110
010010001010000011
010010011101000000
010010100011001000
010010110000100010
010011000110000100
010011101000010000
010100000101100100
010100001010110000
010100010001011000
010100100000010011
010100110110000000
010101100000101000
010110001000001100
011000000001001101
011000000111000010
011000001100101000
011000100010100100
011001100100000001
011011010000001000
011100011000000010
011110000100010000
100000000001110101
100000000011011010
100000011110000010
100000100000101011
100000100110001100
100000101010010001
100000110000010110
100000110011100000
100001000101000110
100001010010000101
100001011001010000
100001101000100100
100010000010100110
100010001100010100
100010010001001100
100010011000100001
100010101001000010
100011000000010011
100011001010001000
100011110100000000
100100001001101000
100100010100110000
100101010000001010
100110000111000000
100110100000011000
101000001000001110
101000001101000001
101000010000011001
101001000110010000
101001100001001000
101100100100000010
101111000000000100
110000000110100001
110000001011000100
110000010001000011
110000100101010000
110000111000001000
110001000000011100
110001100010000010
110010000100001010
110010010010010000
110010100000000101
110011000001100000
110101001000000001
111000000000110010
111000010100000100
111100000010001000
