000000001010101101
000000001011010110
000000010010110011
000000010111011000
000000011101000011
000000101001110001
000000110100100101
000000111001001100
000001000101110010
000001000110000111
000001001100011100
000001010001101001
000001011000100110
000001101111000000
000001110010010100
000001110100001010
000010000101001110
000010010001110100
000010011000011010
000010011110000100
000010100110010010
000011001001000101
000011010011000010
000011010100010001
000011100000100011
000011100001011000
000100000000111110
000100001110001010
000100100010011001
000100100011100010
000100100101010100
000101000011001100
000101011010000001
000101101000010010
000110000111000001
000110010000000111
000110010010101000
000110101100100000
001000000011001011
001000011011100000
001000100000010111
001000111100010000
001010000010011100
001010001100001001
001010101001000010
001010110010000001
001011001000110000
001011100100000100
001100001000100011
001100001001011000
001100010100001100
001100101010000100
001101000110010000
001101110001000000
001111000000001010
010000000001100111
010000010010001110
010000011000010101
010000101100000110
010000110001010010
010001000011010001
010001001001001010
010001001100100001
010001010101000100
010010000000111001
010010001010000011
010010001101010000
010010010100100010
010010100011000100
010011000000010110
010011000110001000
010011111000000000
010100000100010011
010100000101101000
010100001010110000
010100110110000000
010101010000011000
010101100000100100
010110001000001100
011000000110100100
011000100101000001
011000101000101000
011001000000001101
011001100010000010
011010010001001000
011110100000010000
100000000100101011
100000001101100100
100000001110010001
100000010011000101
100000010100010110
100000100110001100
100000111010000010
100001000000110101
100001000010011010
100001010110100000
100001011001010000
100001100001000110
100010000001010011
100010000010100110
100010001011001000
100010011000100001
100010101000010100
100010110101000000
100011001100000010
100011010000001100
100100010001001010
100100110000110000
100101001000101000
100110000100011000
100111100010000000
101000001000001110
101000010000011001
101000100011010000
101001000101001000
101001101000000001
101100100100000010
101110000001000100
110000000001011100
110000000111000010
110000011100001000
110000100010100001
110001001010000100
110001010000000011
110001100100010000
110010000100000101
110010010010010000
110010100000001010
110011000001100000
110100101001000000
111000000000110010
111000110000000100
111100000010001000
