000000000101100111
000000001010101101
000000001011010110
000000010010110011
000000010110001110
000000011100010101
000000101001110001
000000110101010010
000000111001001100
000001000111010001
000001001101001010
000001010001101001
000001110010010100
000010000100111001
000010001110000011
000010010001110100
000010011000011010
000010100111000100
000011000100010110
000011001001000101
000011010011000010
000011100000100011
000011100001011000
000011111100000000
000100000000111110
000100001110110000
000100100010011001
000100100011100010
000101000011001100
000101010100011000
000101011010000001
000101100100100100
000101101000010010
000110001100001100
000110010010101000
000110010101000001
000110110000000110
001000000011001011
001000011011100000
001000100000010111
001000101100101000
001001000100001101
001001010000100110
001001100110000010
001010000010011100
001010101001000010
001010110010000001
001011001000110000
001100001000100011
001100001001011000
001100101010000100
001101110001000000
001110100100010000
001111000000001010
010000010011011000
010000011001000011
010000101100000110
010000110000100101
010001000001110010
010001000010000111
010001001000011100
010001001100100001
010001010101000100
010001101011000000
010001110000001010
010010000001001110
010010000011100001
010010001101010000
010010010100100010
010010011010000100
010010100010010010
010011000110001000
010011010000010001
010100000100010011
010100000101101000
010100001010001010
010100100001010100
010100110110000000
010110101000100000
011000000110100100
011000100101000001
011000111000010000
011010001000001001
011011100000000100
011100010000001100
011101000010010000
100000000101011100
100000010011000101
100000100110100001
100000111010000010
100001000010011010
100001001110000100
100001010100000011
100001011001010000
100001100001000110
100010000001010011
100010000010100110
100010001011001000
100010010110010000
100010011000100001
100010100100001010
100010101000010100
100011000101100000
100011010000001100
100100010001001010
100100101101000000
100100110000110000
100101000000010101
100101001000101000
100111100010000000
101000000100110010
101000001000001110
101000010000011001
101000100011010000
101000110100000100
101001101000000001
101100000110001000
101110000001000100
110000000000101011
110000000111000010
110000001001100100
110000001010010001
110000010000010110
110000011100001000
110000100010001100
110001010010100000
110001100100010000
110010000100000101
110010110001000000
110011001000000010
110110000000011000
111001000001001000
111100100000000010
