000000000011011101
000000010101001110
000000011111010000
000000100001100111
000000101110000110
000000110010001011
000000111000010101
000001001011001010
000001001101000101
000001010001010011
000001011000100110
000001100000011110
000001100110010001
000001101001110000
000001110011000100
000001111100001000
000010000100010111
000010001110001001
000010010001110100
000010011000011010
000010100011010010
000010101001001100
000010110101000001
000010111010100000
000011000011100001
000011000101011000
000011001010010100
000011010000001101
000011010110000010
000011101000000011
000100000111000011
000100001000111100
000100010100110001
000100011001001001
000100100011101000
000100100101010100
000101000000101011
000101000110100100
000101001100010010
000101010010011000
000110000010001110
000110011100000100
000110100000011001
000110100100100010
001000000110101010
001000001000001111
001000001010110001
001000010110000101
001000110100010010
001001100001001001
001010001101000010
001010010011001000
001011000000110010
001011100100000100
001100000001011010
001100011010000010
001100101100000001
001100110000001100
001101010101000000
001110000110010000
001111001000001000
010000001001010110
010000011010001100
010000011100000011
010000100100001101
010000101011000001
010000110001011000
010001000010000111
010001001000011001
010001010100010100
010001100101000010
010001110000100001
010010000001001011
010010000111000100
010010001000100101
010010010010010001
010010101100010000
010010110000000110
010011011001000000
010011100010001000
010100000010110010
010100001101100000
010100101000001010
010100110110000000
010101000001001100
010110010000101000
010111000100000001
011000000101010001
011000010001100010
011000100010100100
011001001110000000
011010000000011100
011100000010001001
011100000100000110
011101100000010000
100000000101110010
100000001011100100
100000010010010110
100000101000101001
100000110100100100
100000111001000010
100001010001101000
100001011010000001
100001100010100010
100010000010111000
100010001001010001
100010010000100011
100010100010000101
100011000001000110
100011001100100000
100011110000010000
100100101010010000
100101000000010101
101000001100010100
101000010000011001
101000100111000000
101001000010001100
101001000100000011
101010100000001010
101100000001100001
110000000000101110
110000000110100001
110000010001000101
110000011000110000
110000100000010011
110001000011010000
110001101000000100
110010001010000010
110010100001100000
110100000100011000
110101010000000010
111000001001001000
111010010100000000
