000000000011011101
000000000100111110
000000010101001011
000000100111101000
000000101001100101
000000110000010111
000000111010001001
000001001011001010
000001001100101001
000001010110011000
000001011000100110
000001011001010001
000001101000011100
000001110011000100
000010001110001100
000010010001110100
000010011000011010
000010100001001110
000010100100011001
000010101011010000
000010110010100010
000011000010010110
000011000011100001
000011010000001101
000011101000000011
000100001111000001
000100010000111001
000100010011010010
000100011001001100
000100100101010100
000100101010000110
000101000001000111
000101000110100100
000101001100010010
000101100010010001
000101110000001010
000110000010001011
000110001000010101
000110010100000110
000110101100100000
000111000001011000
000111011010000000
001000000010110011
001000001000001111
001000001101011000
001000011110000010
001000110100001100
001001100001100010
001010110001000001
001011000100001010
001011001000110000
001100001010101000
001100010010000101
001100100100000011
001100111000010000
001101010101000000
001110000110010000
001110001001000010
001111100000000100
010000001001010110
010000001110110000
010000010010001110
010000100011000011
010000101100001010
010000110001011000
010001000000011011
010001000101001100
010001001010000101
010001110000100001
010010000000100111
010010001001001001
010010010010010001
010010010100101000
010010111000000100
010011010001000010
010011100010001000
010100000101100010
010100011000000011
010100100000001101
010100110110000000
010101010000010100
010101101001000000
010110000011000100
010110100000010010
010111000100000001
011000000110001001
011000011001100000
011000100010100100
011001100100010000
011010000000011100
011100000001010001
011100001100000100
011101000010000010
100000000011100110
100000011010010100
100000100000101011
100000100110010010
100000111001000010
100001000000110101
100001010001101000
100001010010000011
100001100101000001
100001101010100000
100010000001010011
100010000010111000
100010010111000000
100010011000100001
100010100010000101
100011001001000100
100011110000010000
100100001001110000
100100110000100100
100111000000100010
101000010100010001
101001000010001100
101010000100100100
101010101000001000
101100000000010110
101100100011000000
101101001000000001
110000001000101100
110000010000110010
110000010001000101
110000101000010001
110001000011010000
110001011100000000
110001100000000110
110010001010000010
110010100001100000
110100000010100001
110100000100011000
111000000001001010
111110010000000000
