000000010011010101
000000010100110110
000000010101001011
000000100000011111
000000101001100101
000000110111100000
000000111010001001
000001001000101110
000001001001011001
000001010110011000
000001011011000010
000001011100100001
000001100001110010
000001100011001100
000001111000010100
000010000001111100
000010011000011010
000010011110000100
000010100010101010
000010101011010000
000010110001000110
000010110100010001
000011000010010110
000011000011100001
000011010000001101
000011101000000011
000100000011011010
000100001111000001
000100010000111001
000100011001001100
000100100101010100
000100101010000110
000101000001000111
000101000110100100
000101001100010010
000101100010010001
000101110000001010
000110000100001110
000110001000010101
000110010010000011
000110100001001001
000110101100100000
000111001010001000
000111010001010000
001000000010110011
001000001110001010
001000011000000111
001000011101010000
001000110100001100
001010000101000101
001010010011001000
001011001000110000
001011010100000010
001100000010001101
001100011010100000
001100100100000011
001100101000011000
001101000101001000
001110000110010000
001110001001000010
001111100000000100
010000001001010110
010000001110110000
010000010010001110
010000100011000011
010000110001011000
010000111100000010
010001001010000101
010001010000010011
010001010101000100
010001100000101001
010010000000100111
010010000010011001
010010010100101000
010010011001000001
010010101000001100
010011000001001010
010011110010000000
010100000101100010
010100001000001011
010100100110001000
010100110000000101
010101000000011100
010101101001000000
010110000011000100
010110100000010010
010111000100000001
011000001001101000
011000010110000001
011000100010100100
011001100100010000
011010010000010100
011100000001010001
011100001100000100
011101000010000010
100000000011100110
100000001010011100
100000100110010010
100000101001001010
100000110000100011
100001000000110101
100001000010001011
100001010001101000
100001100101000001
100001101010100000
100010000001010011
100010001000101001
100010010010110000
100010100010000101
100011001001000100
100011100000011000
100100001001110000
100100100000101100
100111000000100010
101000000100011001
101001010010000100
101010111000000000
101100000000010110
101100100011000000
101101001000000001
110000000000111010
110000000001001101
110000011000100100
110000101000010001
110001000011010000
110001001100001000
110001100000000110
110010001010000010
110010100001100000
110100000010100001
110100010100010000
111000010001000010
111110000000001000
