000000000011100111
000000000101011110
000000010010011011
000000101001101100
000000101010110001
000000101110000110
000000110011010100
000000110100100101
000000111001000011
000001000000111101
000001001101100001
000001010111000010
000001011001011000
000001011010000101
000001100001110010
000001100110011000
000001110000001110
000010000011111000
000010000100110011
000010001001010101
000010011000101001
000010011110010000
000010100010001101
000010101000011010
000010110010100010
000010110101001000
000011000001001011
000011000010010110
000011001100001100
000011010001100100
000011101011000000
000011110000010001
000100000110110100
000100001111001000
000100010001101010
000101001100010010
000101100010000011
000101100101000100
000110010011000001
000110010100000110
000110101100100000
001000001100011001
001000010000110110
001000010110001100
001000100111000001
001001000010101010
001001000100000111
001001111100000000
001010001101000010
001010100100010100
001011001000110000
001100010101010000
001100011010000010
001100100100001010
001101010000001001
001110000000100101
001111000110000000
010000000110101001
010000001010011100
010000010001001101
010000011100001010
010000100000010111
010000100011001010
010000101101010000
010000110000111000
010001000011010001
010001001001000110
010001010000100011
010001010100010100
010001101000001001
010010000000101110
010010000111000100
010010001010000011
010010010001010010
010010100001100001
010010111000000100
010011010010001000
010011100100000010
010100011000010001
010100110110000000
010101001010100000
010110000100011000
011000000110010010
011000011001100000
011000100010100100
011001000101001000
011010010100000001
011100000001000011
011100001100000100
011101100000010000
100000001011010010
100000010001110001
100000011101000100
100000100000101011
100000110100010010
100000111010001000
100001000011001100
100001010100101000
100001101000010100
100010000110001010
100010010000011100
100010100001000110
100011000010100001
100011000101010000
100011011000000010
100100001000111000
100100100011100000
100101000000100110
100101010010010000
100110001010000100
100111100000001000
101000000010010101
101000001000001110
101000001110100000
101000100001011000
101010101000000001
101100110000000100
101101001001000000
101110000000010010
110000000101100010
110000001000100101
110000010010000110
110000100100001100
110001000000011010
110001110001000000
110010001001001000
110010100010010000
110100000001010100
110100101000000010
110101000100000001
110110010000100000
111011000000000100
111100000010001000
