000000000010111011
000000001101110001
000000010001110110
000000011010010101
000000011101001100
000000101011010010
000000110100100101
000001000101011010
000001001001000111
000001010001101001
000001011110000010
000001101000011100
000001101010100001
000001110000010011
000001110011000100
000010000011100101
000010010111010000
000010011000011010
000010100001001110
000010101110000100
000010110010100010
000010111001000001
000011000010010110
000011000100100011
000011001011001000
000011011000100100
000011110100001000
000100001010001110
000100010011000011
000100100011101000
000100100101010100
000100101100100010
000101000110100100
000101010010011000
000110000000111100
000110010100000110
000110100010010001
000111001100010000
001000001110101000
001000100111000001
001000101000001011
001000111100010000
001001000010001101
001001001000110010
001001100100000110
001010000100010101
001010001101000010
001011100001100000
001100000110010010
001100001001011000
001100110000001100
001101010101000000
001110011010000000
001111000000001010
010000000111000110
010000001000101101
010000100001100011
010000110001011000
010000111000000110
010001000011010001
010001010100010100
010001100010001010
010001101101000000
010010001001010100
010010001010000011
010010010000110001
010010010010001100
010010100100010010
010011010001000010
010011100000000101
010100000100011001
010100001010110000
010100010000101010
010100110110000000
010101000001001100
010101011000000001
010110000101100000
010110101000001000
011000000000011110
011000010100000011
011000011001100000
011000100010100100
011010000001001001
011011000110000000
011100001100000100
011101100000010000
100000000011011100
100000001100010110
100000011000100011
100000100010000111
100000101001100100
100000110101000010
100000111010001000
100001000000110101
100001000011100010
100001010000001110
100001011001010000
100001100110010000
100010000001010011
100010000110001010
100010100000101001
100010110000010100
100011000101000100
100011010010000001
100011101000000010
100100001111000000
100100010100110000
100100100000011010
100101001000101000
100101100001000001
100110001000000101
100110010001001000
101000010000011001
101000010110000100
101001001100000001
101010000010110000
101100000001000110
101110100100000000
110000000110100001
110000001001001010
110000010001000101
110000010010010010
110000100100001100
110000101000010001
110001001010000100
110001110000100000
110010000000100110
110010011100000000
110010100011000000
110011000000011000
110101000100000010
111000000101010000
111100000010001000
