000000001011001011
000000010111010010
000000011101001100
000000100001110011
000000101000011101
000000101110000110
000000110011000101
000000110100001011
000001000011011100
000001000101000111
000001010100111000
000001011001010001
000001100110010001
000001101001100100
000001110000010110
000001111010001000
000010000010010111
000010000101011001
000010010001110100
000010011000011010
000010011110000001
000010100001001110
000010101011010000
000010110010100010
000011000011100001
000011000110001010
000011001100010100
000011010000001101
000011101000000011
000011110101000000
000100000000111110
000100000110100101
000100001100010011
000100010010011001
000100100011101000
000100100101010100
000101001000101001
000101001111000000
000101010001001010
000110001010001100
000110101100100000
000111100000011000
001000001110101000
001000010000100111
001000111100010000
001001000010110010
001001001000001110
001001010110000100
001001100001001001
001010001000110001
001010001101000010
001010010011001000
001010100100000101
001100001001011000
001100010101000001
001100110000001100
001101100100000010
001110000000001011
001110000110010000
001111000001000100
010000001001010110
010000010010001110
010000010100010101
010000101101000001
010000110001011000
010001000000011011
010001001010000101
010001011100000010
010001100011000010
010001100100001100
010001110000100001
010010000111000100
010010010001000011
010010100010001001
010010100100010010
010010111000000100
010011000000100110
010011001001001000
010011010010010000
010100000001001101
010100000101100010
010100001010110000
010100101000001010
010100110110000000
010110010000101000
010111000100000001
011000000110000011
011000011001100000
011000100010100100
011001000101010000
011010000000011100
011100001100000100
011100100000010001
011101000010001000
100000000011100110
100000001101110000
100000010001101001
100000011010010100
100000101010100001
100000110100100100
100000111001000010
100001000000110101
100001010010000011
100001100000101010
100010000010111000
100010000100100011
100010001001000101
100010110000010001
100011000001010010
100011011000100000
100011100010000100
100100100010010010
100110010000000110
101000000010001101
101000000100010110
101000100111000000
101001001100000001
101010101000001000
101100001000100010
101101010000010000
110000000011010001
110000001000101100
110000010000110010
110000100000000111
110001000110100000
110001010001000100
110001101000010000
110010001010000010
110010100001100000
110100000100011000
110100011000000001
111000000001001010
111010010100000000
