000000000011100111
000000010111010010
000000011001101001
000000101001110010
000000110100100101
000000111011000100
000000111100001010
000001000101110001
000001001011001010
000001010010010101
000001010101001100
000001011000100110
000001100110000110
000001101000011100
000001101010100001
000001110001000011
000010000010111001
000010001010010110
000010001100100011
000010001101011000
000010010001110100
000010100001001110
000010111000010001
000011001001000101
000011010000011010
000011011110000000
000011100011010000
000100000000111110
000100001110100100
000100011010011000
000100100010010011
000100100011101000
000100100101010100
000101001100010010
000110010100000110
000111000010001100
000111100100100000
001000000100010111
001000001010001101
001000100111000001
001001000110101000
001001110100010000
001010010011001000
001010101100000100
001010110000100010
001011000101000010
001011001000110000
001011100000001001
001100011101000000
001100110000001100
001101000001011000
001101010010000010
001110000110010000
001110001000001010
010000001011010001
010000010000110011
010000010010001110
010000011100010100
010000101000000111
010000110001011000
010001000000101101
010001000001010110
010001101101000000
010010000111000100
010010011001000010
010010100001100001
010010100100010010
010010101010001000
010011000010000011
010011110000000100
010100000100011001
010100000101100010
010100001001001100
010100110110000000
010101000010110000
010101011000000001
010101100000001010
010110010000101000
011000000001001011
011000001110000010
011000100010100100
011001010001100000
011010000000011100
011010010100000001
011100101000010000
011101000100000100
100000000011011100
100000001000110101
100000001101000110
100000011010000011
100000100000101011
100000101110010000
100000110000010110
100001011001010000
100001100001100100
100001110010001000
100010000001010011
100010000110001010
100010001011100000
100010011000001100
100010100010000101
100010110101000000
100011000100010100
100011010000100001
100011101000000010
100100010001001010
100100010100110000
100101000111000000
100101001000101000
100110100000011000
101000000010110010
101000010000011001
101000010110000100
101000101001001000
101001000000001110
101001001100000001
101100000001100001
101100100100000010
110000000110100001
110000001000011010
110000010001000101
110000100011000010
110000100100001100
110000111000100000
110001001010000100
110001010100000010
110001100000010001
110010000000100110
110010010010010000
110011000001001000
110110001100000000
111000000101010000
111100000010001000
