000000001101110001
000000011101001100
000000100010101011
000000101011100100
000000110010010110
000000110100100101
000000111001000011
000001000111000110
000001010001101001
000001011000100110
000001011011010000
000001100001110010
000001101000011100
000001110100001010
000010000011010011
000010001110010100
000010011000011010
000010011010100001
000010100001001110
000010110111000000
000011000100100011
000011000101011000
000011001001000101
000011010010001100
000011101010000010
000011110000010001
000100000000111110
000100010011001010
000100010110110000
000100100101010100
000101000010010101
000101001010101000
000101001100010010
000110010100000110
000110100010011000
000110101100100000
001000000100010111
001000001010001110
001000010001110100
001000010010011001
001000111100010000
001001001110000001
001001100011001000
001010001101000010
001010101000001001
001010110000100010
001011001000110000
001011100100000100
001100001000100011
001100001001011000
001100100110000010
001100110000001100
001101010101000000
001110000011000100
001111000000001010
010000001000101101
010000001001010110
010000010000110011
010000010011000101
010000011110000010
010000100110001100
010000101010010001
010000110001011000
010001000010011010
010001010100010100
010001100000000111
010001101101000000
010010000010100110
010010001011001000
010010100001100001
010010100100010010
010010111000000100
010011010001000010
010100000100011001
010100000101100010
010100101000001010
010101000001001100
010101011000000001
010110010000101000
010111000110000000
011000000001001011
011000000111010000
011001010010100000
011010000000011100
011010010100000001
011100001100000100
011101100000010000
100000000001100111
100000000011011100
100000010101010010
100000011000010101
100000101100000110
100000111010001000
100001001001001010
100001010010000011
100001100110010000
100001101000100001
100001110001000100
100010000000111001
100010000110001010
100010100010000101
100010101001010000
100011000000010110
100011000011100000
100011011100000000
100100001111000000
100100100000010011
100100100001101000
100101000100100100
100101010000011000
100110001000001100
100110010001000001
101000000010110010
101000001100101000
101000010110000100
101000100101000001
101001000000001101
101110000100010000
110000000110100001
110000010000001110
110000100011000010
110001000001010001
110001001010000100
110010000101000100
110010001000000011
110010010010010000
110011100000001000
110100001000110000
110100110100000000
111000011001000000
111000100000100100
111001000100000010
111100000010001000
