000000000101011110
000000010010011011
000000010011100110
000000100011010101
000000101110000110
000000110100100101
000000111001000011
000000111010110000
000001000111000011
000001001001011001
000001010000111100
000001011010000101
000001011101100000
000001100000001111
000001100001110010
000001100110011000
000010001110010001
000010010100110010
000010011000101001
000010011001010100
000010100010100011
000010100101001001
000010101000011010
000010110010001100
000011000010010110
000011001100001100
000011010001001010
000011101011000000
000011110000010001
000100000110110100
000100001001100101
000100001111001000
000100011000001110
000100110001011000
000101001100010010
000101100101000100
000101110010000010
000110000100000111
000110010011000001
000110101100100000
001000000000110111
001000000110001101
001000011100011000
001000101001001100
001000110111000000
001001001000101010
001001010100000110
001001100010100100
001001101100000001
001010000011011000
001010001101000010
001010100100010100
001011000001100001
001100000101010001
001100001010000011
001100100100001010
001101010000001001
001110010000100100
001111000110000000
010000001010011100
010000001100001011
010000010001001101
010000010110101000
010000100011001010
010000101101010000
010000110000010110
010001000100010101
010001001001000110
010001010000100011
010001010011010000
010001111000001000
010010000000101110
010010000001010011
010010000111000100
010010011010000010
010010101000000101
010010110001100000
010011000010001001
010011001000110000
010011100100000010
010100000101100010
010100100110000001
010110000100011000
011000000110010010
011000001011100000
011000100000101001
011001000101001000
011010010100000001
011100001100000100
011101100000010000
100000001011010010
100000010001110001
100000100100010011
100000101010001001
100000110000101010
100001000011001100
100001000100101001
100001101000010100
100010000000011101
100010000110001010
100010100001000110
100011000101010000
100011001000000011
100011010010100000
100100000001001011
100100001000111000
100100011100000001
100100100011100000
100101000000100110
100101000010010001
100110001010000100
100111100000001000
101000000101100100
101000010010010100
101010111000000000
101100100000000101
101101001001000000
101110000000010010
110000000010000111
110000011000100100
110000100100001100
110001000000011010
110001001110000000
110001100001000001
110010001001001000
110010100010010000
110100000001010100
110100101000000010
110110000000100001
111000001000010001
111000010001000010
111011000000000100
111100000010001000
