000000000111101010
000000001011011100
000000010100110011
000000011101000110
000000011110001001
000000100110000111
000000101001100101
000000110000011101
000000110011010010
000001000010011011
000001000101001101
000001010110010100
000001011000101100
000001011001010001
000001100001111000
000001101000010110
000001101111000000
000001110010100001
000001110100001010
000010000010101101
000010001011000011
000010001100010101
000010010001110100
000010011000011010
000010100001001110
000010100110011000
000010110101000001
000010111010000100
000011000101010010
000011010000000111
000011010011001000
000011101000001001
000100000000111110
000100010001001011
000100100101010100
000100101010001010
000101000011000110
000101001000100011
000101001100011000
000110010010100010
000110100000010011
000110101100100000
000111000110000001
001000000111010001
001000001000001111
001000011011100000
001000111100010000
001001100001000011
001010000010010110
001010001101001000
001010110000101000
001011001000110000
001011100100000100
001100001001010010
001100001110000100
001100100100001001
001100110000000110
001101010101000000
001101100010010000
001110000001000101
001111000000001010
010000000001010111
010000010010001110
010000010101011000
010000100011001001
010000101100001100
010000111000000011
010001001001001010
010001001010000101
010001100100010001
010001110001000100
010010000100001011
010010000111000100
010010010010010001
010010101001010000
010011000000011100
010011000001100001
010011011100000000
010011100010000010
010100001010110000
010100100001100010
010100110110000000
010101000100100100
010101010000010010
010110001000000110
011000000000111001
011000001100100010
011000010100000101
011000100010100100
011001000110001000
011010010001000010
011100000010000011
011100011000001000
011110000100010000
100000001010100110
100000001101110000
100000010010111000
100000010011000101
100000100000101011
100000101010010001
100000110100100100
100000111001001000
100001000000110101
100001010001100010
100001100010001100
100010000001011001
100010011000100001
100010100011100000
100011000100101000
100011001001000100
100011110000010000
100100000110010010
100101011010000000
100110010000001100
101000000100011100
101001001100000001
101010010110000000
101010101000000010
101100000011001000
101100010000010001
110000000001101100
110000000110100001
110000011000010100
110001000011010000
110001010000001001
110001101000100000
110010000000110010
110010001010001000
110010100000000101
110100001001000001
110100100000011000
111000100101000000
111001000000000110
