000000000011011101
000000001100111001
000000001111010010
000000011101001100
000000101000010111
000000110001100101
000000110110000110
000000111010001001
000001000101000111
000001010011001010
000001011000100110
000001011001010001
000001100001110010
000001100110010001
000001101011000100
000001101100001010
000001110000011100
000010000110001011
000010001001110100
000010010100010101
000010011000011010
000010100001001110
000010101010100010
000010101101000001
000010110011010000
000011000010010110
000011000011100001
000011000101011000
000011001000001101
000011011110000000
000011110000000011
000100000000111110
000100001001100011
000100010111000001
000100100011101000
000100100101010100
000101000110100100
000101001010011000
000101010000101001
000101010100010010
000110001100000110
000110010010001100
000110100000011001
000110110100100000
001000000010110011
001000001110000101
001000010110101000
001000111100010000
001001100001001001
001010010101000010
001011010000110000
001011100100000100
001100010001011000
001100011010000010
001100100100000011
001100101000001100
001101001101000000
001110000001000101
001110000110010000
001111000000001010
010000000101101010
010000001010001110
010000010001010110
010000011100000011
010000100011000011
010000100100001101
010000101001011000
010001000000011011
010001001100010100
010001010010000101
010001101000100001
010001110101000000
010010000000100111
010010000111000100
010010001010010001
010010010001001001
010010100100010010
010010111000000100
010011001001000010
010011100010001000
010100010010110000
010100101110000000
010100110000001010
010101000001001100
010110001000101000
010111000100000001
011000000101010001
011000011001100000
011000100010100100
011001000110000010
011010000000011100
011100000010001001
011100010100000100
011101100000010000
100000000011100110
100000010101110000
100000011010010100
100000100000101011
100000101100100100
100000111001000010
100001000000110101
100001001001101000
100001001010000011
100001110010100000
100010000001010011
100010000010111000
100010011000100001
100010100010000101
100011000100100010
100011010001000100
100011101000010000
100100010000000111
100100100010010010
100110001011000000
101000000100010110
101000100111000000
101001000010001100
101001010100000001
101010110000001000
101100001000010001
110000000110100001
110000001000110010
110000001001000101
110000010000101100
110000110000010001
110001000011010000
110001100000000110
110010010010000010
110010100001100000
110100000100011000
110101011000000000
111010001100000000
111100000001000010
